Arriba: 4.63849, -74.08444
Abajo: 4.63409, -74.08192
Izquierda: 4.63564, -74.08545
Derecha: 4.63742, -74.08134